0.1 1.3666
0.113522 1.36972
0.128873 1.37324
0.1463 1.37715
0.166083 1.38157
0.188541 1.38658
0.214036 1.3923
0.242978 1.39883
0.275834 1.40635
0.313133 1.4151
0.355476 1.42526
0.403544 1.43714
0.458113 1.45111
0.52006 1.46762
0.590384 1.4872
0.670217 1.51056
0.760845 1.53855
0.863729 1.5723
0.980524 1.61324
1.11311 1.66321
1.26363 1.72463
1.4345 1.80066
1.62848 1.89548
1.84869 2.01444
2.09867 2.16417
2.38246 2.35156
2.70462 2.58005
3.07035 2.83911
3.48553 3.08562
3.95685 3.23575
4.49191 3.20759
5.09931 2.99045
5.78885 2.65597
6.57164 2.31056
7.46027 1.99577
8.46907 1.66724
9.61428 1.3466
10.9143 1.18112
12.3902 1.17573
14.0656 1.23823
15.9676 1.31115
18.1268 1.39402
20.578 1.44907
23.3606 1.39395
26.5195 1.29657
30.1055 1.36876
34.1764 1.40328
38.7979 1.32691
44.0442 1.37026
50 1.35514
